Dynamic GRU Model v1 Test Accuracy: 92.57%
Best Validation Accuracy: 95.05%

Classification Report:
              precision    recall  f1-score   support

       drink       0.50      0.50      0.50         2
         eat       0.50      1.00      0.67         1
      friend       1.00      0.86      0.92         7
       hello       1.00      0.88      0.94        34
        help       0.71      0.71      0.71         7
        love       1.00      0.80      0.89         5
        more       0.83      1.00      0.91         5
        name       1.00      1.00      1.00         1
          no       0.90      0.97      0.94        38
      please       0.96      1.00      0.98        27
       sorry       1.00      1.00      1.00         1
        stop       0.00      0.00      0.00         3
      thanks       0.98      1.00      0.99        41
        want       0.00      0.00      0.00         1
         yes       0.97      0.97      0.97        29

    accuracy                           0.93       202
   macro avg       0.76      0.78      0.76       202
weighted avg       0.93      0.93      0.92       202

Confusion Matrix:
[[ 1  0  0  0  0  0  0  0  1  0  0  0  0  0  0]
 [ 0  1  0  0  0  0  0  0  0  0  0  0  0  0  0]
 [ 0  0  6  0  0  0  0  0  0  0  0  1  0  0  0]
 [ 1  0  0 30  0  0  1  0  1  0  0  0  1  0  0]
 [ 0  0  0  0  5  0  0  0  0  1  0  1  0  0  0]
 [ 0  1  0  0  0  4  0  0  0  0  0  0  0  0  0]
 [ 0  0  0  0  0  0  5  0  0  0  0  0  0  0  0]
 [ 0  0  0  0  0  0  0  1  0  0  0  0  0  0  0]
 [ 0  0  0  0  0  0  0  0 37  0  0  0  0  0  1]
 [ 0  0  0  0  0  0  0  0  0 27  0  0  0  0  0]
 [ 0  0  0  0  0  0  0  0  0  0  1  0  0  0  0]
 [ 0  0  0  0  2  0  0  0  1  0  0  0  0  0  0]
 [ 0  0  0  0  0  0  0  0  0  0  0  0 41  0  0]
 [ 0  0  0  0  0  0  0  0  0  0  0  1  0  0  0]
 [ 0  0  0  0  0  0  0  0  1  0  0  0  0  0 28]]